0 1 0 0 25.9470 0.2619
1 0 0 1 100.1450 0.0000
2 0 0 1 100.1399 0.0000
3 0 0 1 100.0216 0.0000
4 0 0 1 100.0696 0.0000
5 0 0 1 100.1635 0.0000
6 0 0 1 100.2142 0.0000
7 0 0 1 100.0029 0.0000
8 0 0 1 100.1964 0.0000
9 1 0 0 11.8120 0.4911
10 0 1 0 0.5040 0.0000
11 1 0 0 14.6080 0.4012
12 1 0 0 46.0030 0.1276
14 1 0 0 14.5070 0.4163
15 1 0 0 23.3160 0.2475
16 1 0 0 20.9970 0.2816
17 1 0 0 17.4720 0.3171
18 0 0 1 100.0043 0.0000
19 0 0 1 100.1690 0.0000
19 0 1 0 26.9860 0.0000
1 1 0 0 18.9830 0.3274
2 0 0 1 100.0676 0.0000
3 1 0 0 11.2100 0.5000
4 0 0 1 100.1531 0.0000
5 1 0 0 96.2939 0.1250
6 0 0 1 100.1858 0.0000
7 1 0 0 10.6630 0.5000
8 0 0 1 100.0027 0.0000
9 1 0 0 12.8540 0.4513
10 1 0 0 14.6450 0.3795
11 0 0 1 100.0880 0.0000
12 0 0 1 100.0756 0.0000
14 1 0 0 15.5090 0.3894
15 0 1 0 0.5086 0.0000
16 0 0 1 100.1286 0.0000
17 0 0 1 100.0357 0.0000
18 1 0 0 11.5600 0.5000
19 1 0 0 27.5620 0.2342
0 1 0 0 16.7880 0.4048
