5 1 0 0 5.4900 0.5000
7 1 0 0 13.2400 0.4703
9 1 0 0 58.5278 0.1250
0 0 0 1 100.1150 0.0000
1 0 0 1 100.0268 0.0000
2 0 0 1 100.0431 0.0000
0 0 0 1 100.0710 0.0000
1 0 0 1 100.0047 0.0000
2 0 0 1 100.0611 0.0000
3 0 0 1 100.0718 0.0000
4 0 0 1 100.0976 0.0000
5 1 0 0 80.2390 0.1250
6 0 0 1 100.0401 0.0000
7 0 0 1 100.0460 0.0000
8 0 0 1 100.0856 0.0000
0 0 1 0 48.0590 0.0000
1 0 0 1 100.1339 0.0000
2 0 0 1 100.1310 0.0000
3 0 0 1 100.0645 0.0000
4 0 0 1 100.0250 0.0000
5 1 0 0 5.3550 0.5000
6 0 0 1 100.0091 0.0000
7 1 0 0 72.4981 0.1250
8 0 0 1 100.1854 0.0000
9 0 0 1 100.0010 0.0000
10 1 0 0 5.4950 0.5000
11 1 0 0 5.9730 0.5000
12 0 1 0 61.1110 0.0000
13 0 0 1 100.0480 0.0000
14 1 0 0 81.3260 0.1250
15 1 0 0 24.5780 0.2348
16 0 0 1 100.0340 0.0000
17 1 0 0 59.8772 0.1250
18 1 0 0 47.5400 0.1250
19 0 0 1 100.1080 0.0000
